1.735 0.231544
6.12 1.444808
6.682 1.293296
7.047 1.760184
7.657 1.756464
10.724 0.481168
12.214 0.892632
14.866 0.8641040000000001
15.881 1.281888
18.001 0.410288
19.543 1.06456
20.046 1.0776
24.252 0.69652
26.247 0.951712
28.24 1.016144
31.926 0.030584
33.816 0.256912
36.171 0.876312
37.197 1.092856
38.629 0.59372
39.346 1.0653679999999999
40.432 1.2740319999999998
45.59 0.583544
47.839 0.513736
49.65 0.8228719999999999
49.746 0.608912
50.604 0.96516
53.735 0.64316
57.166 0.974936
58.692 0.9386720000000001
60.025 0.8706240000000001
61.976 1.3030160000000002
63.266 0.691784
66.066 0.216288
67.156 0.41248
70.945 1.012696
72.474 1.24072
74.636 0.608912
75.763 0.780208
78.462 0.387368
81.339 0.646824
82.103 2.72244
82.441 3.448992
83.237 1.89072
84.808 1.029944
87.777 1.210112
90.654 0.9466
93.781 0.5611280000000001
96.652 1.5292000000000001
98.185 2.003224
99.449 2.146592
100.893 1.53004
101.566 2.1875999999999998
103.51 1.7399680000000002
104.597 1.055944
111.802 1.7096
117.232 0.323272
120.084 0.206976
120.471 1.426824
122.286 0.294456
123.412 0.77364
125.216 0.303784
126.038 0.597688
126.854 1.111568
127.925 1.5384559999999998
129.965 1.297304
130.791 1.2177200000000001
133.963 0.26552
140.411 0.099224
144.3 0.391688
146.39 1.562792
147.166 1.8475679999999999
147.641 2.3999119999999996
148.916 1.796824
149.934 1.807536
150.861 2.031064
151.982 0.950816
152.759 2.428992
156.998 1.093424
159.36 1.0827039999999999
161.463 0.910136
163.079 0.44356799999999996
166.216 0.629536
166.825 0.7150639999999999
167.758 1.128136
168.055 1.4588079999999999
171.3 0.631104
171.646 0.639432
172.394 0.868664
172.873 0.72564
173.239 1.684904
173.793 1.144912
173.894 1.6905599999999998
177.478 0.71936
179.7 1.026408
181.47 0.8996799999999999
183.168 0.45344
184.07 1.452176
186.862 1.470544
190.082 1.592616
192.325 1.4148720000000001
195.194 0.7795359999999999
196.114 0.850592
197.407 1.2434
197.926 2.820504
200.793 0.581504
201.748 1.110568
202.773 1.274648
207.789 0.802008
209.429 1.2683119999999999
211.511 0.6044160000000001
213.725 0.7055520000000001
215.778 0.5332
218.087 0.12108
218.644 0.765616
219.324 0.689704
220.29 0.434072
223.217 0.265592
225.197 0.237784
225.71 0.924832
227.805 0.28687999999999997
228.379 0.84368
229.352 1.546656
231.655 0.297464
233.491 0.33227999999999996
235.537 0.351024
236.978 0.7271839999999999
238.258 0.880984
239.796 1.716808
242.605 0.69072
246.763 0.26484800000000003
248.118 0.599176
249.978 0.721024
251.207 0.471568
252.622 0.92396
254.543 0.736912
255.884 1.475752
258.785 0.373808
266.321 0.178528
268.165 0.16963999999999999
269.025 0.28884
269.723 0.840504
270.419 0.880192
271.346 0.640536
274.657 0.213608
277.93 0.169928
281.624 0.305816
283.87 0.477856
287.864 0.07415999999999999
290.536 0.14591200000000001
294.326 0.104784
304.884 0.204104
304.888 0.204104
307.115 0.42764800000000003
309.164 0.231328
309.88 0.628976
309.886 0.628976
312.344 0.160112
312.956 0.284808
313.395 1.00964
315.922 0.09036
317.153 0.333264
321.761 0.2016
323.428 0.154576
325.143 0.13150399999999998
326.78 0.333504
328.145 0.29992
329.542 0.067736
330.6 0.40216
332.512 0.152408
334.768 0.5057119999999999
336.74 0.17300800000000002
338.45 0.640184
339.07 1.327296
340.945 0.508664
342.14 0.49720800000000004
345.415 0.15208000000000002
348.588 0.49144
349.378 0.852008
351.461 0.157832
352.174 1.189144
352.754 0.743808
353.708 0.5163840000000001
354.423 1.484808
355.145 0.8540800000000001
357.097 0.226584
358.999 0.242856
359.648 0.7437999999999999
364.465 0.23608
367.839 0.10572799999999999
368.497 0.467552
369.377 0.17771199999999998
370.4 0.600928
371.53 0.418264
372.448 0.518744
375.726 0.51276
377.804 0.23048
378.898 0.223376
382.485 0.035896
384.57 0.18010400000000001
386.837 0.3522
387.603 0.46704
389.277 0.681976
390.577 0.491384
391.597 0.513456
393.032 0.507736
395.187 0.18119200000000002
397.744 0.358272
402.858 0.446376
403.579 0.479352
405.965 0.138344
410.848 0.131464
412.173 0.513464
413.545 0.463688
414.64 0.383512
415.969 0.18019200000000002
419.891 0.096384
422.963 0.04056
423.954 0.47984
424.674 0.8368479999999999
425.901 0.36920800000000004
426.647 0.581624
428.938 0.5384
429.59 1.057024
432.934 1.125928
433.748 0.7528239999999999
435.287 1.0985440000000002
436.214 1.335672
440.648 0.543888
443.584 0.632832
446.001 0.30914400000000003
448.707 1.022672
449.391 1.4259439999999999
450.508 0.5833200000000001
454.063 0.865056
454.643 1.502432
455.289 1.0698320000000001
456.284 2.160624
458.528 1.921224
461.062 1.916808
463.617 0.06572
465.763 0.18118399999999998
466.254 2.511232
468.296 1.588352
470.403 1.264928
471.784 2.333024
472.052 2.322
472.286 3.508944
472.799 1.39056
473.309 2.00252
474.848 1.627632
477.202 0.5576639999999999
478.434 0.77396
478.908 1.625192
481.055 1.959672
482.017 1.2468800000000002
483.305 1.8961679999999999
484.474 0.7851520000000001
485.972 1.1674639999999998
488.638 0.749352
491.03 1.0911440000000001
493.723 0.884728
494.953 1.188432
495.634 1.529632
496.076 2.5154
496.317 3.3304720000000003
496.796 1.74148
497.312 1.9634800000000001
497.512 2.142216
499.014 2.4487759999999996
501.673 1.169824
502.941 1.4039760000000001
504.681 0.912304
506.59 1.2902
507.752 1.351512
510.994 0.558168
512.017 0.884752
513.554 1.1542000000000001
514.477 1.506152
516.424 0.8144640000000001
518.406 0.848392
518.98 1.1256959999999998
521.641 1.0555519999999998
522.259 0.8538
523.695 0.115024
524.314 0.620992
525.434 1.371
526.661 1.0070080000000001
527.862 0.823312
529.669 0.50184
531.991 0.7002079999999999
534.268 0.529792
535.849 1.5068
537.52 0.946096
539.321 0.93848
540.621 1.523088
542.736 1.025544
544.448 1.1388479999999999
546.631 1.1226720000000001
548.476 0.971448
551.958 0.267456
554.35 0.973656
555.395 1.392472
556.395 0.782072
558.416 0.7799360000000001
562.371 1.445552
563.628 0.668616
565.097 0.70904
567.769 0.931616
568.441 1.637368
569.497 1.2448
572.763 0.274296
576.836 0.5217759999999999
579.026 1.268144
585.01 0.143488
587.892 0.134448
590.866 0.264728
594.452 0.022216
599.323 0.123352
601.211 0.18091200000000002
602.969 0.25568
604.956 0.274264
607.833 0.6452960000000001
608.897 1.457328
609.168 1.440144
609.918 1.551248
610.22 1.64904
610.489 2.3233040000000003
611.21 2.154328
611.215 2.154328
612.473 1.309912
612.781 2.633984
613.326 1.862752
615.413 0.933784
616.879 1.4842
622.846 0.17243199999999997
624.39 0.326024
627.438 0.15607200000000002
629.989 0.20172800000000002
630.563 0.588112
633.468 0.032936
635.316 0.23928
636.948 0.34124
637.456 1.547744
637.87 1.817008
642.372 1.2465840000000001
644.119 0.409808
645.009 0.600928
645.65 0.6888479999999999
648.118 0.1664
649.14 0.662512
650.975 0.21215199999999998
654.118 0.01416
654.558 0.979792
658.759 0.238944
659.817 1.140456
660.5 1.5851279999999999
660.71 2.2439839999999998
661.145 1.539104
662.417 1.19356
663.096 1.496768
663.877 1.0875039999999998
665.827 0.988816
668.183 0.56224
671.283 0.32864800000000005
672.548 0.829992
674.261 0.9081119999999999
676.722 0.562312
678.015 0.214552
679.646 0.041
680.706 0.5147759999999999
682.521 0.176048
686.304 0.59204
687.568 1.1257519999999999
689.615 0.917784
690.34 1.54408
691.7 0.817232
692.282 1.50132
694.123 1.0069919999999999
696.029 1.8736400000000002
699.045 1.38156
700.742 1.087912
701.501 1.14788
703.409 0.288
708.663 0.903928
710.708 0.7336079999999999
713.688 0.6292559999999999
715.085 2.156416
717.405 1.3207119999999999
718.838 0.4598
719.143 0.907432
720.439 0.79244
721.908 0.956112
722.324 1.273056
723.927 0.58948
724.235 1.312872
724.815 2.426296
725.359 1.8941759999999999
727.133 0.827992
728.566 2.205184
730.615 1.9097039999999998
733.293 2.3373760000000003
733.822 4.949552
735.11 2.564152
736.473 2.668688
737.604 4.343008
738.911 3.6336559999999998
740.065 2.585296
742.211 1.777576
743.239 0.45412
745.048 1.186224
746.379 1.5008320000000002
747.032 1.07548
748.321 1.239824
749.86 1.3508399999999998
750.715 1.372864
752.209 1.580912
753.224 2.1300239999999997
754.884 1.8927360000000002
756.857 0.94788
757.511 1.741376
758.857 0.922096
759.317 3.266832
759.707 3.8867040000000004
760.408 3.9700320000000002
762.179 3.855512
765.161 2.681656
766.148 1.357432
768.222 0.685824
774.647 0.5546639999999999
778.029 1.833104
779.014 2.601824
780.718 2.086536
784.375 2.01664
785.362 3.348456
787.21 2.785688
789.323 2.7346880000000002
791.877 1.545296
793.469 1.925608
794.918 3.3041199999999997
797.038 0.757368
799.453 2.5662
802.566 1.496136
806.212 1.33172
808.922 1.467864
810.35 1.398056
811.583 1.3531600000000001
812.773 1.873056
814.302 1.515856
815.942 1.419128
819.77 0.241
820.865 3.437568
822.498 2.78796
824.515 1.956232
826.083 2.853408
828.206 1.6980719999999998
831.506 1.07176
833.779 1.378296
836.194 1.073096
838.165 0.854136
839.913 2.647568
840.627 3.227128
841.13 2.5280880000000003
841.542 2.405432
845.513 1.7299120000000001
845.849 2.941688
846.194 3.03516
848.483 0.993016
850.961 3.103024
856.393 0.383944
860.956 1.287152
863.596 2.133128
864.382 3.159792
865.848 3.2303200000000003
867.352 2.67516
868.478 3.4218960000000003
869.497 3.0062800000000003
870.868 2.173408
873.971 1.546808
875.268 1.468472
876.261 2.38808
876.487 2.887024
877.074 2.8731280000000003
878.082 3.317264
878.508 3.056104
878.777 3.92384
879.408 2.4651680000000002
880.425 1.797408
881.169 3.921272
882.059 2.967304
882.95 0.9466079999999999
883.701 2.366696
885.173 3.0290079999999997
886.875 3.096688
887.424 3.495136
888.169 3.125112
890.218 2.8785439999999998
892.199 4.194935999999999
894.21 2.0789679999999997
896.209 3.275328
898.214 3.298864
899.545 2.354752
899.917 1.383952
900.297 4.125824
901.275 3.544728
901.815 3.072984
902.641 3.08536
902.849 4.375752
903.701 3.333768
904.591 4.87412
905.41 2.80132
906.83 3.993328
908.201 2.8382959999999997
909.41 3.3728719999999996
910.494 3.668384
911.648 3.1369920000000002
911.868 5.881392
912.401 4.399112
914.314 2.9605520000000003
916.394 3.2087440000000003
918.449 4.181112
920.462 2.7654
922.466 4.483176
923.1 3.0044720000000003
925.37 0.320032
925.885 2.878576
926.392 2.1945520000000003
926.837 2.907536
927.143 2.862408
928.537 2.102912
928.761 2.43288
929.611 0.91452
933.195 0.662408
934.518 0.30655200000000005
934.998 2.737648
936.155 3.239128
937.491 2.96224
938.513 3.203808
939.992 2.457376
941.319 3.859384
942.649 3.012784
945.867 0.46968
948.721 1.2414880000000001
951.398 1.421376
952.378 3.1848560000000004
953.637 2.91792
954.563 2.4854879999999997
955.719 1.678264
956.062 1.393064
956.206 1.45912
957.025 1.579952
957.249 4.285352
957.635 3.3354079999999997
959.381 1.5962319999999999
961.503 1.27696
963.5 1.161584
965.112 2.791936
966.1 3.2079839999999997
967.765 1.490864
969.133 1.479624
970.235 1.6457439999999999
970.955 2.46004
971.116 3.6187359999999997
971.265 3.6187359999999997
972.282 1.865952
973.227 2.439504
973.475 2.816384
974.253 2.7241280000000003
975.993 2.4424319999999997
978.049 1.632032
979.413 3.2533279999999998
982.1 1.0680640000000001
983.669 1.8048
986.751 1.261544
988.044 1.3293119999999998
989.69 0.744152
992.524 1.369736
992.64 1.5294960000000002
993.13 2.000048
993.374 1.52308
994.568 1.072608
994.782 1.902648
995.705 1.97552
996.307 0.974056
996.745 1.2319039999999999
997.369 0.88588
999.893 1.110072
1002.051 1.087752
1003.99 1.028232
1004.159 0.8297279999999999
1008.175 1.3830239999999998
1009.929 1.6244880000000002
1010.679 1.352432
1011.832 1.614432
1013.11 1.1482080000000001
1013.591 1.78504
1013.743 1.2014880000000001
1014.74 0.9854080000000001
1015.214 1.374536
1016.58 3.139528
1018.837 0.7046
1020.183 0.492096
1021.231 0.9592
1022.589 0.989096
1023.854 1.55068
1024.064 1.0294480000000001
1027.102 2.628576
1029.619 2.660512
1031.332 1.3043040000000001
1032.389 2.19264
1035.485 1.1203040000000002
1037.33 0.9249120000000001
1040.992 1.05464
1042.286 1.965936
1043.164 1.282056
1044.815 0.7405839999999999
1047.57 0.902984
1050.949 0.880208
1051.978 2.578688
1052.898 1.905144
1055.555 2.049032
1056.02 1.9465999999999999
1058.115 1.8052000000000001
1061.436 1.696608
1063.439 1.5110640000000002
1066.822 1.006432
1068.561 0.9495520000000001
1071.12 0.493288
1073.783 1.18164
1075.331 0.857896
1077.885 0.71172
1079.005 1.1173520000000001
1080.233 1.053984
1080.545 1.279728
1081.052 1.323088
1085.523 0.949776
1087.821 1.996864
1092.085 0.25208
1093.201 0.6118640000000001
1094.136 0.985896
1095.768 1.036928
1099.279 0.30011200000000005
1101.633 0.311864
1102.117 1.846904
1102.361 1.2608320000000002
1103.856 0.9289919999999999
1105.401 0.436056
1106.634 0.688144
1106.93 0.79628
1107.45 1.274856
1108.049 1.3978
1108.367 0.64152
1109.6 0.8879360000000001
1112.192 0.33034399999999997
1113.077 0.8735040000000001
1113.686 1.097168
1117.071 0.64124
1118.533 0.721496
1119.948 0.650088
1121.573 0.72184
1123.036 0.67332
1124.37 0.7753680000000001
1125.81 0.603568
1127.795 0.729264
1131.076 0.458904
1133.697 0.9184640000000001
1135.91 1.438616
1136.971 1.138
1138.711 0.729072
1140.906 1.151608
1141.758 1.029344
1142.661 1.227552
1143.899 0.836896
1144.851 0.856312
1145.565 0.904872
1147.516 0.8189679999999999
1149.258 1.02028
1151.474 0.893312
1152.09 0.889152
1152.4 1.1248879999999999
1155.47 0.700928
1160.897 0.570472
1162.943 0.663296
1166.129 0.6444160000000001
1167.07 0.631488
1169.634 0.774592
1170.864 0.7307039999999999
1171.453 0.750448
1175.441 0.646048
1176.997 2.008752
1177.903 1.5542960000000001
1178.181 2.2713919999999996
1178.921 2.258312
1180.89 5.323688
1181.653 12.503424
1182.385 6.600448
1183.386 6.598568
1184.78 3.831168
1187.057 6.6884
1188.554 8.22632
1190.566 5.828512
1192.812 8.472992
1195.26 7.0326319999999996
1196.855 6.04908
1198.608 10.001192
1200.858 8.0672
1202.617 6.280176
1204.653 10.722328
1206.633 1.463832
1208.653 4.741064000000001
1210.656 3.7378
1212.66 7.51884
1214.683 5.3171040000000005
1216.712 9.053536
1218.715 7.8025519999999995
1220.728 5.903192
1221.184 10.28828
1221.428 5.32016
1221.819 12.352360000000001
1222.246 2.893384
1223.253 7.568464
1223.591 10.875656000000001
1223.834 14.3768
1224.302 1.7456559999999999
1225.795 3.407864
1226.869 2.8752240000000002
1227.505 2.744048
1228.418 2.2369920000000003
1229.183 2.3734319999999998
1229.992 5.29036
1230.644 8.14224
1231.273 8.240112
1232.538 4.302072
1232.791 9.701672
1233.122 8.801904
1233.727 3.26304
1234.595 3.2018
1236.278 0.721264
1237.041 2.2484319999999998
1237.533 4.5773280000000005
1238.523 1.418744
1239.252 2.645232
1239.547 3.284304
1239.758 3.565456
1240.686 3.060872
1242.938 2.686192
1244.719 3.798008
1246.715 3.798008
1248.725 3.798008
1250.716 3.798008
1252.716 3.798008
1254.719 9.495152000000001
1256.746 5.715104
1258.737 6.793664
1260.732 7.163104000000001
1262.739 6.117832
1264.742 9.776648
1266.742 9.09136
1268.761 5.978616
1268.976 5.978616
1269.11 10.282791999999999
1269.462 13.673512
1269.867 14.493264
1270.184 11.75852
1270.702 6.564608
1271.101 9.268392
1271.626 10.201824
1272.105 1.9925760000000001
1272.612 9.833024
1272.805 9.626592
1273.053 8.043016
1273.656 13.011280000000001
1274.258 5.563776
1275.149 6.412167999999999
1275.974 7.11596
1276.721 5.785112
1277.99 10.5024
1278.271 8.522816
1279.079 11.516639999999999
1279.142 11.516639999999999
1279.374 13.782544
1279.922 7.865536
1280.854 12.553023999999999
1281.445 9.354104
1281.49 9.354104
1282.054 13.700824
1282.503 12.539688
1282.963 11.908631999999999
1283.381 2.469208
1283.941 10.395192
1284.706 9.830736
1285.656 4.633224
1285.711 5.509392
1286.297 5.646704
1287.068 8.753384
1287.983 13.820872
1288.875 9.370584000000001
1289.6 8.260168
1290.366 2.56196
1291.021 13.698488
1291.704 16.673912
1292.512 9.97548
1293.283 10.25332
1294.021 17.283656
1296.268 14.641879999999999
1298.273 8.811424
1300.037 11.264008
1302.049 1.1539760000000001
1304.044 12.538136
1306.06 0.40501600000000004
1308.056 16.385568
1310.056 12.309111999999999
1312.058 15.834304
1314.076 13.179112
1314.327 10.302727999999998
1315.089 5.100384
1315.995 16.326632
1316.447 2.848432
1316.861 8.279376000000001
1317.85 4.685072
1318.88 4.125591999999999
1319.749 3.796728
1321.742 8.41188
1322.309 9.705424
1322.894 5.558608
1324.185 9.67224
1326.189 8.44608
1328.197 9.994496
1330.213 8.521912
1332.224 13.080088
1333.978 16.446232
1335.984 12.985824000000001
1338.007 7.9677359999999995
1340.019 9.678784
1342.024 8.525272000000001
1344.025 12.5876
1346.035 7.931432
1348.057 5.2434080000000005
1350.044 12.261128000000001
1352.053 15.43032
1354.064 9.373096
1356.066 12.411384
1358.08 11.252656
1360.09 0.023424
1362.101 0.095648
1364.116 6.771744
1366.133 11.571152
1368.129 11.137512000000001
1370.146 5.81604
1372.144 7.32712
1374.152 15.957336
1376.159 8.112592
1378.162 7.8768400000000005
1380.168 8.815352
1382.174 10.657048000000001
1384.171 11.137944
1386.185 13.304312
1388.181 13.144592000000001
1390.193 7.971952
1392.217 11.790327999999999
1394.24 13.933183999999999
1396.243 9.052871999999999
1398.266 11.11936
1400.282 4.056616
1402.267 5.9607280000000005
1404.024 5.780728
1406.191 8.140312
1408.284 11.924968000000002
1410.317 11.828736000000001
1412.302 6.560808
1414.614 2.116504
1416.091 7.9862079999999995
1418.093 14.399152
1420.098 9.082752000000001
1422.12 0.5194160000000001
1424.128 9.728879999999998
1426.197 2.019616
1428.642 1.428096
1430.967 0.907448
1432.183 4.981056
1434.093 7.876863999999999
1436.095 5.867616
1438.099 6.885432
1440.114 10.094288
1442.106 8.216304000000001
1444.112 5.37228
1446.117 6.764808
1448.121 6.4724960000000005
1450.125 6.909872
1452.146 9.7378
1454.15 6.158024
1456.16 7.787992
1458.178 6.110264
1460.176 8.615136
1462.189 5.5604
1464.182 9.472728
1466.187 8.666624
1468.224 8.234528000000001
1470.221 7.90984
1472.223 8.078336
1474.248 9.836736
1476.25 6.57208
1478.193 6.445
1480.262 9.594040000000001
1482.285 1.641672
1484.314 9.363864
1486.307 8.684912
1488.336 8.899951999999999
1490.365 7.457744
1492.378 5.456
1494.37 9.235567999999999
1496.14 6.104872
1498.376 6.3978
1500.382 12.578783999999999
1502.257 7.113144
1504.151 10.759184
1506.154 4.402032
1508.179 10.588944
1510.194 10.216184
1512.188 8.917256
1514.194 9.170031999999999
1516.188 9.415128000000001
1518.206 7.205656
1520.284 11.149608
1522.296 1.3323040000000002
1524.374 6.852184
1530.817 0.410704
1532.316 8.106688
1533.153 9.28668
1533.755 11.988352
1534.267 9.297120000000001
1536.373 9.164192
1538.369 11.587936
1540.373 7.212024
1542.386 1.945632
1544.391 4.118984
1546.394 3.388016
1548.403 3.397112
1550.86 2.070288
1552.442 3.7835520000000002
1554.434 3.438544
1556.185 4.884600000000001
1558.444 4.709544
1560.196 3.6278560000000004
1562.198 4.66616
1564.257 3.1937919999999997
1566.221 3.801328
1568.466 5.279952000000001
1570.222 5.128688
1572.222 4.371376000000001
1574.23 4.084576
1576.263 5.79004
1578.267 4.088944
1581.893 3.598568
1584.214 3.208088
1586.774 2.901256
1589.747 1.5465119999999999
1590.701 1.5465119999999999
1592.344 2.8235520000000003
1594.441 4.643864
1602.335 0.8389439999999999
1604.865 3.5055039999999997
1605.757 3.5570399999999998
1607.386 2.903584
1608.194 2.989944
1609.909 3.2795520000000002
1613.189 3.953752
1614.862 3.1992
1616.75 2.576968
1622.295 1.481848
1622.806 3.751928
1623.007 4.1693999999999996
1624.899 4.557792
1627.049 1.694808
1627.466 3.4007840000000003
1628.641 3.108864
1630.386 3.119112
1633.386 3.79136
1634.729 5.01716
1634.81 5.01716
1636.528 4.055136
1640.054 1.926712
1644.67 3.014424
1647.381 1.838368
1649.144 3.305224
1650.867 4.179416
1653.011 4.306984000000001
1654.746 3.22744
1657.524 4.195816
1660.819 1.4560799999999998
1663.092 0.080704
1664.627 2.830632
1666.018 2.107296
1667.664 3.054192
1668.714 1.6918879999999998
1670.158 3.03356
1672.104 3.679464
1673.416 3.340568
1677.318 2.6728159999999996
1678.543 4.145304
1680.255 3.722384
1682.952 2.270248
1684.555 1.8953119999999999
1686.85 2.88452
1688.27 1.3331359999999999
1693.699 2.22756
1695.86 2.771472
1696.673 3.442952
1697.787 2.937808
1699.018 5.224152
1700.865 1.895984
1702.48 3.31136
1703.929 2.9024
1706.399 2.0693200000000003
1708.876 4.33216
1710.531 3.33284
1711.214 3.085608
1713.381 2.789304
1715.614 3.731232
1720.522 2.856224
1722.069 2.795744
1722.955 2.635152
1723.466 3.788144
1723.873 4.5228720000000004
1724.183 4.149736
1725.622 2.157304
1726.433 3.3931039999999997
1728.427 5.0317039999999995
1730.459 5.0482640000000005
1732.536 4.314104
1734.618 4.58512
1736.713 4.379216
1738.548 2.440648
1740.562 3.1948000000000003
1742.432 4.568104
1744.454 4.4943599999999995
1746.43 3.52284
1748.865 2.056512
1751.422 4.49308
1753.288 4.679055999999999
1755.619 3.67396
1757.508 5.291008
1758.945 3.9328960000000004
1760.635 2.0503679999999997
1762.634 3.218
1766.376 4.4248400000000006
1768.877 2.8584560000000003
1771.848 2.05712
1774.209 5.311904
1776.286 3.513
1778.09 4.476935999999999
1781.223 4.817032
1784.422 2.8231840000000004
1785.265 2.97196
1789.729 3.0358400000000003
1792.675 2.4624639999999998
1794.361 2.8627040000000004
1795.49 2.725104
1799.054 2.782216
1801.296 4.266224
1803.237 3.04396
1806.44 2.2896959999999997
1807.66 2.820248
1809.635 3.586696
1811.478 1.92
1815.022 1.378072
1815.86 3.818352
1816.653 3.8482
1819.265 0.765744
1820.858 1.768568
1821.92 3.574408
1823.962 2.01852
1825.25 3.016824
1827.814 1.4263759999999999
1830.222 3.1412959999999996
1832.161 1.5855039999999998
1833.84 4.621832
1833.957 4.621832
1834.672 2.605104
1837.258 4.013512
1840.376 2.162424
1842.771 2.834232
1845.221 4.1380799999999995
1847.261 2.7231840000000003
1849.552 3.549496
1851.569 4.122616
1852.411 2.0429280000000003
1854.027 2.642936
1855.768 2.484464
1856.896 2.035608
1858.364 3.237728
1859.557 2.96604
1861.647 4.125568
1864.12 4.288992
1866.404 3.01548
1869.593 1.587168
1872.282 1.887616
1874.721 4.03936
1876.907 2.991848
1878.937 2.143792
1881.391 2.543392
1883.956 3.626728
1886.819 4.097008
1889.806 2.789264
1891.756 2.15784
1894.317 3.17772
1896.191 2.40784
1897.883 2.812928
1898.614 4.252
1899.836 3.071192
1901.53 2.767776
1902.997 3.2490639999999997
1906.587 3.385904
1908.638 3.3774319999999998
1910.804 1.631952
1912.853 2.937928
1913.937 3.035456
1915.903 1.826992
1919.902 2.8008800000000003
1921.759 2.057608
1922.953 1.949232
1924.101 2.409976
1925.647 3.63412
1927.598 3.047736
1930.817 4.439328000000001
1933.437 2.413712
1935.628 3.0559600000000002
1937.321 2.761152
1939.679 2.677696
1941.589 2.4584960000000002
1943.04 2.988136
1944.457 3.916312
1947.149 3.159568
1949.922 1.728304
1952.329 0.891616
1953.661 2.9486399999999997
1955.03 2.16072
1956.969 2.3104720000000003
1959.022 1.9155920000000002
1963.0 0.862848
1965.245 1.318384
1966.503 1.39588
1967.688 1.243096
1968.639 1.709192
1969.58 2.510448
1970.998 1.424272
1972.208 3.223728
1974.488 2.408016
1976.595 2.0530720000000002
1978.371 4.252336000000001
1979.915 2.638464
1981.65 0.07316800000000001
1984.223 3.5824879999999997
1985.861 2.412792
1987.605 3.123304
1990.138 2.58048
1992.298 3.181712
1994.838 1.913808
1997.746 2.170096
2000.81 2.4582159999999997
2001.609 2.89448
2002.635 2.153376
2005.203 1.763072
2007.345 2.646952
2008.574 3.3583119999999997
2012.586 2.46332
2013.988 2.15992
2016.035 3.28112
2017.279 3.403944
2019.104 2.5149760000000003
2020.327 4.628863999999999
2021.378 2.508024
2025.556 2.408288
2027.554 3.070176
2030.133 1.321
2032.007 3.24896
2035.503 1.432856
2037.424 2.346264
2038.665 2.612368
2040.398 2.6248
2041.626 1.853184
2043.312 1.649448
2045.42 3.7779119999999997
